13
12
delay305
35
35
35
35
35
35
35
35
45
45
45
45
45
45
45
45
13
13
13
13
13
13
13
13
13
1
1
1
1
12
12
12
35
35
35
35
35
35
35
35
45
45
45
45
45
45
45
45
13
13
13
13
13
13
13
13
13
1
1
1
1
12
12
12
35
35
35
35
35
35
35
35
13
13
13
13
13
13
13
13
12
12
12
12
12
12
12
12
13
13
13
13
13
13
13
13
35
35
35
35
35
35
35
35
13
13
13
13
13
13
13
13
12
12
12
12
12
12
12
12
13
13
13
13
13
13
13
13
35
35
35
35
35
35
35
35
13
13
13
13
13
13
13
13
12
12
12
12
12
12
12
12
13
13
13
13
13
13
13
13
35
35
35
35
35
35
35
35
13
13
13
13
13
13
13
13
12
12
12
12
12
12
12
12
13
13
13
13
13
13
13
35
35
delay6650
stdelay188
35
35
35
35
35
35
35
35
35
35
35
35
35
35
35
35
13
13
13
13
13
13
13
13
stdelay183
12
12
12
12
12
12
12
12
35
35
35
35
35
35
35
35
35
35
35
35
35
35
35
35
13
13
13
13
13
13
13
13
12
12
12
12
12
12
12
12
stdelay188
3
3
3
3
3
3
3
3
5
5
5
5
4
4
4
4
2
2
2
2
2
2
2
2
2
1
1
1
1
14
14
14
stdelay183
3
3
3
3
3
3
3
3
5
5
5
5
4
4
4
4
2
2
2
2
2
2
2
2
2
1
1
1
1
stdelay183
14
14
14
35
35
35
35
35
35
35
35
13
13
13
13
13
13
13
13
12
12
12
12
12
12
12
12
13
13
13
13
13
13
13
13
35
35
35
35
35
35
35
35
13
13
13
13
13
13
13
13
12
12
12
12
12
12
12
12
13
13
13
13
13
13
13
35
35
delay6000
35
35
35
35
35
35
35
35
35
35
35
35
35
35
35
35
13
13
13
13
13
13
13
13
12
12
12
12
12
12
12
12
35
35
35
35
35
35
35
35
35
35
35
35
35
35
35
35
13
13
13
13
13
13
13
13
12
12
12
12
12
12
12
12
3
delay6000
5
3
5
3
5
3
5
3
5
3
5
3
5
3
5
3
5
3
5
3
5
3
5
3
4
3
4
3
4
3
4
3
5
3
5
3
5
3
5
3
5
3
5
3
5
3
5
3
5
3
5
3
5
3
5
3
4
3
4
3
4
3
4
3
35
3
35
3
35
3
35
3
35
3
35
3
35
3
35
3
25
2
25
2
25
2
25
2
34
3
34
3
34
3
34
3
35
35
35
35
35
35
35
35
35
35
35
35
35
35
35
35
13
13
13
13
13
13
13
13
12
12
12
12
12
12
12
12
35
35
35
35
35
35
35
35
35
35
35
35
35
35
35
35
13
13
13
13
13
13
13
13
12
12
12
12
12
12
12
12
35
35
35
35
35
35
35
35
45
45
45
45
25
25
25
25
24
24
24
24
24
24
24
24
1
1
14
delay300
1
1
14
delay300
35
35
35
35
35
35
35
35
45
45
45
45
25
25
25
25
24
24
24
24
24
24
24
24
1
1
14
delay300
1
1
14
delay300
1
1
14
delay300
1
1
14
35